##FastQC	0.10.1
>>Basic Statistics	pass
#Measure	Value	
Filename	Haliotis_crac_CCCEcombined.fastq	
File type	Conventional base calls	
Encoding	Sanger / Illumina 1.9	
Total Sequences	67005815	
Filtered Sequences	0	
Sequence length	49	
%GC	54	
>>END_MODULE
>>Per base sequence quality	fail
#Base	Mean	Median	Lower Quartile	Upper Quartile	10th Percentile	90th Percentile
1	22.092589217816393	25.0	15.0	30.0	7.0	32.0
2	20.604068467788952	23.0	11.0	30.0	5.0	32.0
3	20.619184140958513	23.0	11.0	30.0	5.0	32.0
4	19.45633896102898	21.0	9.0	29.0	5.0	32.0
5	21.281781290176085	24.0	12.0	30.0	5.0	32.0
6	20.87470842642538	23.0	12.0	29.0	5.0	32.0
7	20.340084140458554	23.0	10.0	30.0	5.0	32.0
8	20.036616329493192	22.0	10.0	29.0	5.0	32.0
9	18.959885392036497	20.0	8.0	29.0	4.0	32.0
10	19.890811207952623	22.0	10.0	29.0	5.0	32.0
11	20.2887031670311	23.0	11.0	29.0	5.0	32.0
12	19.195783619675396	21.0	9.0	29.0	4.0	32.0
13	19.09521455712463	21.0	8.0	29.0	4.0	32.0
14	17.872091698310065	18.0	8.0	27.0	4.0	31.0
15	19.329641942270236	21.0	9.0	29.0	5.0	32.0
16	19.037841820146504	21.0	9.0	28.0	5.0	31.0
17	18.156495104193567	19.0	8.0	28.0	4.0	31.0
18	18.425446448192595	20.0	8.0	28.0	4.0	31.0
19	16.6449396966517	16.0	7.0	26.0	4.0	30.0
20	19.089218032793124	21.0	8.0	29.0	4.0	32.0
21	18.938710244775024	20.0	9.0	28.0	5.0	31.0
22	16.977875472449668	17.0	7.0	26.0	4.0	30.0
23	17.236863412526212	17.0	7.0	27.0	4.0	31.0
24	15.491767915963711	14.0	6.0	25.0	4.0	29.0
25	18.081410964108116	19.0	8.0	28.0	4.0	31.0
26	18.71349701514712	20.0	8.0	28.0	4.0	31.0
27	15.67907803225735	14.0	6.0	25.0	4.0	29.0
28	16.079437359279936	15.0	7.0	25.0	4.0	30.0
29	14.19498206237772	12.0	6.0	22.0	4.0	28.0
30	17.206762726488737	17.0	7.0	27.0	4.0	31.0
31	17.756732516424133	18.0	8.0	27.0	4.0	31.0
32	14.84790002181154	13.0	6.0	23.0	4.0	29.0
33	15.203712767317285	14.0	6.0	24.0	4.0	29.0
34	13.033243487897282	10.0	5.0	20.0	4.0	27.0
35	16.216688596355407	15.0	7.0	25.0	4.0	30.0
36	16.66751733412988	16.0	7.0	26.0	4.0	30.0
37	13.90862072194779	12.0	6.0	22.0	4.0	28.0
38	14.090012575774207	12.0	6.0	22.0	4.0	28.0
39	12.362585635291504	9.0	5.0	19.0	4.0	26.0
40	15.099509632111781	13.0	6.0	24.0	4.0	29.0
41	15.444946143853336	14.0	6.0	24.0	4.0	29.0
42	13.20979988080139	11.0	5.0	20.0	4.0	27.0
43	12.8643691894502	10.0	5.0	20.0	4.0	26.0
44	12.155187441567572	9.0	6.0	17.0	4.0	25.0
45	13.425123998566393	11.0	5.0	21.0	4.0	27.0
46	14.408761433615874	12.0	6.0	23.0	4.0	28.0
47	12.310094340319568	9.0	5.0	18.0	4.0	26.0
48	12.004201157765188	9.0	5.0	18.0	4.0	25.0
49	11.734819657070062	9.0	6.0	16.0	4.0	24.0
>>END_MODULE
>>Per sequence quality scores	fail
#Quality	Count
1	1.0
2	1939.0
3	8650.0
4	719643.0
5	2204252.0
6	2004221.0
7	1940560.0
8	2084779.0
9	2292968.0
10	2554928.0
11	2854636.0
12	3161965.0
13	3449889.0
14	3672730.0
15	3804573.0
16	3831079.0
17	3731928.0
18	3529983.0
19	3274774.0
20	3022702.0
21	2804693.0
22	2622866.0
23	2462446.0
24	2300619.0
25	2128857.0
26	1921880.0
27	1671610.0
28	1360254.0
29	971422.0
30	512008.0
31	102175.0
32	785.0
>>END_MODULE
>>Per base sequence content	fail
#Base	G	A	T	C
1	32.14791851414312	22.810951924902156	18.591553369441865	26.449576191512858
2	31.181125571418516	22.607872029142847	21.39335958607928	24.81764281335935
3	30.415470095515886	19.311250906996666	18.526999401067183	31.74627959642027
4	26.634587902006345	21.280196927603587	21.84303075185657	30.24218441853349
5	25.037599557166246	24.131621167087744	21.473268476505584	29.357510799240426
6	25.701249050553805	23.35417724523849	21.793686136279327	29.150887567928386
7	26.683848114521435	23.39965713772466	21.069723240397696	28.846771507356205
8	27.454436238537355	22.9679266067882	21.42573610070871	28.151901053965734
9	29.00292524741559	23.562714201876137	19.756817948066292	27.67754260264198
10	26.99877580602617	24.99845526748552	20.38483022563266	27.61793870085565
11	25.928638165967104	23.732058562023067	20.010316034421542	30.328987237588283
12	26.845960807337132	23.263522247978763	20.76722492068604	29.123292023998065
13	27.709032902361287	22.76837130748523	20.266605566912617	29.255990223240868
14	26.964276477730376	22.824686556547753	20.822775983477847	29.388260982244024
15	28.01787713068781	24.076456915871567	19.516901321246955	28.38876463219367
16	26.72358212038435	24.251581314406604	19.797968504524853	29.226868060684197
17	26.36734200109175	23.42652107062822	19.909158048567026	30.29697887971301
18	26.202493854803095	23.41702636822998	19.9093218415702	30.471157935396725
19	26.427758809183416	25.12841869200796	19.441546641250618	29.002275857558
20	26.415148234543224	23.869929244309017	20.540566883454154	29.174355637693612
21	27.644852087941292	24.24165451448668	19.593587234782987	28.519906162789038
22	25.457898173181885	23.087562114373387	20.349374153393253	31.10516555905147
23	25.164706766165967	24.00622071833229	21.524773444339313	29.304299071162433
24	25.734418009045278	26.728495322041073	20.04335716718004	27.493729501733604
25	25.70605776665485	23.984520678838596	20.179921056555226	30.129500497951327
26	24.898312345669346	24.070715097220805	20.41365501912234	30.61731753798751
27	25.551824418499013	24.421506428383964	20.154045823530208	29.872623329586816
28	26.95952708472481	23.642381899049372	19.41485578754548	29.983235228680332
29	26.734747305486934	27.13720174094929	18.528671615404836	27.59937933815894
30	25.54844229455206	25.395699443594022	20.921141783627228	28.13471647822669
31	26.004172003727433	23.776195710224947	20.04836170183147	30.17127058421615
32	25.660155524437794	26.763346783250352	19.2452366010781	28.33126109123375
33	26.373423322116107	26.68472507437422	19.223683169730833	27.71816843377884
34	25.954619237093386	31.758148830075733	16.597032719163785	25.690199213667096
35	25.388481470237352	25.713669400583615	19.562901319899044	29.33494780927999
36	25.217547924624206	24.30812205457105	20.148124308302794	30.326205712501952
37	25.408651915152454	28.399799586844022	18.901982498596098	27.28956599940743
38	25.25725854414403	27.462539229493725	18.608490657297377	28.67171156906486
39	26.47705244063317	32.574411189800394	17.07157229450013	23.8769640750663
40	24.94557185179303	25.849437292267417	20.043562849330378	29.161428006609174
41	24.40031235908267	24.264646446334538	19.87255715976933	31.462484034813464
42	24.95566461325107	30.0478539378155	17.848721799771177	27.14775964916225
43	25.472586478950042	29.36130166618205	17.32691424127545	27.83919761359246
44	18.915808568040493	52.93766770621854	11.493934012247069	16.652589713493903
45	26.708962122504815	27.735270714179777	17.30995002346635	28.24581713984906
46	24.560847843474203	24.740652631118827	18.109641559155083	32.58885796625189
47	24.809749163719207	31.900509111414177	16.609117847279244	26.680623877587372
48	25.81007326403011	33.21144774039598	15.239834731986909	25.738644263586995
49	17.367800359057842	59.276383315708046	8.977186469510556	14.378629855723554
>>END_MODULE
>>Per base GC content	fail
#Base	%GC
1	58.597494705655976
2	55.99876838477786
3	62.16174969193615
4	56.876772320539835
5	54.395110356406676
6	54.852136618482184
7	55.53061962187764
8	55.60633729250309
9	56.68046785005757
10	54.61671450688181
11	56.25762540355539
12	55.969252831335204
13	56.96502312560215
14	56.35253745997441
15	56.406641762881485
16	55.95045018106855
17	56.66432088080475
18	56.67365179019982
19	55.43003466674142
20	55.58950387223683
21	56.16475825073033
22	56.56306373223335
23	54.469005837328396
24	53.22814751077889
25	55.83555826460618
26	55.51562988365686
27	55.424447748085825
28	56.94276231340515
29	54.334126643645874
30	53.68315877277875
31	56.17544258794358
32	53.99141661567154
33	54.09159175589494
34	51.644818450760475
35	54.72342927951733
36	55.54375363712616
37	52.69821791455988
38	53.9289701132089
39	50.35401651569947
40	54.106999858402204
41	55.86279639389613
42	52.10342426241332
43	53.3117840925425
44	35.5683982815344
45	54.95477926235387
46	57.14970580972609
47	51.49037304130658
48	51.54871752761711
49	31.746430214781395
>>END_MODULE
>>Per sequence GC content	pass
#GC Content	Count
0	15.0
1	34.0
2	53.0
3	83.0
4	113.0
5	174.5
6	236.0
7	416.0
8	596.0
9	877.0
10	1158.0
11	1749.5
12	2341.0
13	3547.5
14	4754.0
15	7006.0
16	9258.0
17	13278.5
18	17299.0
19	24644.0
20	31989.0
21	43899.5
22	55810.0
23	75580.0
24	95350.0
25	95350.0
26	126532.0
27	157714.0
28	205546.0
29	253378.0
30	322152.5
31	390927.0
32	486751.5
33	582576.0
34	711598.0
35	840620.0
36	997207.5
37	1153795.0
38	1365772.0
39	1577749.0
40	1833332.5
41	2088916.0
42	2391217.0
43	2693518.0
44	3036929.5
45	3380341.0
46	3740195.0
47	4100049.0
48	4430133.5
49	4760218.0
50	5050060.5
51	5339903.0
52	5481204.0
53	5622505.0
54	5655998.5
55	5689492.0
56	5550120.5
57	5410749.0
58	5174285.0
59	4937821.0
60	4601765.5
61	4265710.0
62	3937022.5
63	3608335.0
64	3191980.0
65	2775625.0
66	2446285.5
67	2116946.0
68	1798701.0
69	1480456.0
70	1257959.0
71	1035462.0
72	875877.5
73	716293.0
74	603361.5
75	490430.0
76	490430.0
77	416378.0
78	342326.0
79	300326.0
80	258326.0
81	220767.5
82	183209.0
83	162466.5
84	141724.0
85	125327.5
86	108931.0
87	96482.5
88	84034.0
89	73397.0
90	62760.0
91	54643.0
92	46526.0
93	40350.0
94	34174.0
95	29654.0
96	25134.0
97	21576.5
98	18019.0
99	15085.5
100	12152.0
>>END_MODULE
>>Per base N content	pass
#Base	N-Count
1	0.20699994470629152
2	0.10346116975071493
3	0.2740493492990123
4	0.21170102923156747
5	0.07696197710601685
6	0.5162283303322256
7	0.2053045694616206
8	0.16047860920727552
9	0.1538642579006016
10	0.22323435660024432
11	0.15831014069450539
12	0.10906963820975836
13	0.31685458941138167
14	0.08241374274755109
15	0.08779835003872426
16	0.1281276856344483
17	0.07292650645320857
18	0.11691821075529042
19	0.17750698204327492
20	0.25991624756746856
21	0.11258276613753597
22	0.10149417628902806
23	0.1142691869354921
24	0.3105596133708694
25	0.06484064106973401
26	0.1286261498349061
27	0.15603571122894336
28	0.3549393436972597
29	0.12492199371054588
30	0.11489599820552888
31	0.08317337831052424
32	0.1600771515128948
33	0.09793179890431897
34	0.09921825441568019
35	0.060957396011077546
36	0.0881595127228883
37	0.14034602817680825
38	0.10525355150146297
39	0.23656155812745502
40	0.16732726853632032
41	0.06055892313226845
42	0.10111062748807698
43	0.201610860191761
44	0.25844174867509634
45	0.11014267940774991
46	0.16821375876108663
47	0.1056042673311264
48	0.1119559548674992
49	0.6291349489592807
>>END_MODULE
>>Sequence Length Distribution	pass
#Length	Count
49	6.7005815E7
>>END_MODULE
>>Sequence Duplication Levels	pass
#Total Duplicate Percentage	3.6562898342893604
#Duplication Level	Relative count
1	100.0
2	0.8966918016011246
3	0.36436179834512555
4	0.2025954963848074
5	0.14574471933805022
6	0.12093710753582891
7	0.09302854425832993
8	0.0671872819643494
9	0.054266650817359124
10++	1.4202357756771702
>>END_MODULE
>>Overrepresented sequences	pass
>>END_MODULE
>>Kmer Content	fail
#Sequence	Count	Obs/Exp Overall	Obs/Exp Max	Max Obs/Exp Position
AAAAA	9961600	2.5412612	10.605387	45
TATCT	3485380	2.1959631	5.4688	20
AGAAA	5542520	1.4365402	6.0914116	45
CAAAA	5877710	1.4079202	5.5470624	41
ACAAA	5829160	1.3962908	7.1045275	45
GAAAA	5370665	1.3919979	5.5908537	45
AAACA	5658365	1.3553792	6.1408134	43
CCAAA	5896155	1.326137	6.0245237	45
ATAAA	3749255	1.3202823	5.887668	45
AAATA	3682015	1.2966043	5.672522	43
AACAA	5409470	1.29576	6.7799363	44
AAGAA	4870760	1.26243	5.643374	44
ACCAA	5608260	1.261385	5.532016	44
GGAAA	4741630	1.2486151	5.038141	45
AAAAC	5194145	1.2441821	5.657172	42
AATAA	3530880	1.2433827	5.7483587	44
GCAAA	4492370	1.093291	5.0340624	45
>>END_MODULE
